diskcache 57 5 32.98795180722892
rio-cogeo 33 0 30.861538461538462
cdt 63 17 42.69444444444444
arrow 109 4 62.53968253968254
hypothesis 545 0 3.1032947462154943
schematics 106 29 141.7391304347826
webargs 125 0 35.61
fastparquet 220 1 54.95652173913044
fugue 41 0 12.117117117117116
Pillow 1230 0 51.16842105263158
aiomysql 88 7 120.88
darts 434 0 40.65625
walrus 28 2 79.94871794871794
responses 114 0 68.20754716981132
prophet 863 3 152.125
voluptuous 96 1 107.82222222222222
selenium-wire 305 0 19.986666666666668
confuse 22 1 205.15384615384616
albumentations 245 1 34.28846153846154
word2vec 28 9 62.43589743589744
rio-hist 2 49 257.0
colorama 52 1 101.11111111111111
econml 157 0 56.6
polyaxon 267 0 3.024154589371981
asks 37 21 46.21052631578947
requests-html 0 44 10.028571428571428
transformers 5970 0 20.53488372093023
vertica-python 82 0 46.04938271604938
flashtext 16 44 10.411764705882353
hiredis 38 0 204.04347826086956
wtforms 108 0 192.07407407407408
esda 24 1 148.9375
sqldf 0 46 0.7777777777777778
itkwidgets 73 0 18.18103448275862
ray 5800 0 25.26595744680851
fastapi 1507 0 9.508021390374331
pytest-cov 111 8 108.18181818181819
ethicml 10 0 32.875
dash-html-components 10 22 26.4
pylandsat 7 34 216.75
tox 666 0 23.071428571428573
six 69 3 146.33333333333334
keras-tuner 184 2 51.93939393939394
maya 0 44 32.17391304347826
simpleeval 14 11 187.0
skorch 195 0 126.29411764705883
prompt-toolkit 171 0 26.658730158730158
freetype-py 29 5 143.96774193548387
pyautocad 20 87 341.5
lark-parser 337 0 25.2
asciimatics 60 2 135.04347826086956
stanza 318 1 139.88235294117646
mongoengine 492 0 49.44285714285714
pyhive 131 6 126.44444444444444
arcade 249 0 12.466666666666667
snorkel 229 0 119.33333333333333
pyvista 360 0 20.120481927710845
xarray-spatial 29 6 35.11764705882353
defusedxml 21 3 322.4166666666667
tornado 676 0 69.15492957746478
python-binary-memcached 13 13 103.2051282051282
hdf5storage 30 12 171.05263157894737
plotnine 139 0 132.05555555555554
jellyfish 44 2 119.7
cryptography 855 0 29.333333333333332
dask-ml 157 10 57.64705882352941
pytest-django 219 0 68.54098360655738
xarray-leaflet 5 9 51.36842105263158
distance 3 122 3.75
vprof 23 18 66.0
bocadillo 34 48 7.590909090909091
rio-glui 5 2 47.0
nibabel 164 1 119.675
sweetviz 59 2 37.35294117647059
peewee 793 0 25.60989010989011
augmentor 48 10 99.36363636363636
django-background-tasks 65 49 76.63636363636364
pydruid 38 1 120.58620689655173
grequests 42 7 673.6666666666666
pmdarima 151 3 68.6923076923077
neo4j-driver 130 0 22.2
torch-geometric 1446 0 52.648648648648646
eli5 4 15 70.6896551724138
falcon 213 0 49.75949367088607
xrft 36 11 155.0
turbodbc 145 0 54.411764705882355
bottleneck 73 9 124.19444444444444
snakeviz 39 8 214.33333333333334
soundfile 121 0 296.6666666666667
clize 9 2 131.875
dill 235 0 143.80769230769232
dash-bootstrap-components 87 0 8.102325581395348
paramiko 673 0 33.138888888888886
black 951 0 38.50909090909091
progressbar2 48 0 35.83653846153846
dotenv 6 62 256.6666666666667
h5pyd 44 0 50.02173913043478
geopandas 528 0 75.6
gluoncv 290 12 0.5508474576271186
art 4 4 35.81666666666667
jax 2218 0 11.256410256410257
pyModis 66 0 176.9090909090909
icecream 34 13 100.6875
geojson-pydantic 20 0 60.04545454545455
cassandra-driver 0 1 49.810810810810814
pandasgui 76 1 32.25
xarray 1418 0 37.96052631578947
audiomentations 17 0 47.94444444444444
torchaudio 354 0 60.57692307692308
dask 1863 0 17.074866310160427
textual 232 0 8.26605504587156
biopython 675 0 90.7457627118644
premailer 23 29 67.27692307692308
greykite 44 0 98.2
langdetect 11 32 254.5
streamz 59 13 112.5625
django-q 164 31 28.0
petl 55 5 48.18181818181818
kapre 27 18 117.75
giddy 6 0 149.9375
streamlit 1102 0 9.55188679245283
asciitree 0 49 261.4
xdotool 0 10 1.6666666666666667
celery 2058 0 26.435
bokeh 1865 0 19.33862433862434
geojsonio 6 70 405.5
coveralls 60 5 77.48780487804878
seaborn 694 0 106.37142857142857
xmltodict 50 10 130.62962962962962
scikit-learn 4212 0 78.47368421052632
markupsafe 49 0 170.6551724137931
cartopy 410 0 148.63636363636363
deform 42 2 98.74358974358974
kivy 1958 1 97.79166666666667
dynaconf 86 0 35.285714285714285
pyramid 244 0 30.826666666666668
flask-wtf 99 0 98.28571428571429
pyuplift 0 49 8.277777777777779
alibi 110 0 55.096774193548384
playwright 503 0 17.559322033898304
robobrowser 15 103 39.833333333333336
altair 549 0 70.5
pointpats 8 3 335.42857142857144
dvc 1782 0 4.393280632411067
sqlite-utils 134 0 15.581967213114755
pybigquery 99 0 36.51282051282051
eo-learn 83 0 46.285714285714285
py4web 112 0 11.875
redis-om 60 4 21.0
autoit 3 12 204.0
pandas 7652 0 47.905660377358494
xlsxwriter 219 2 23.28048780487805
gevent 598 1 62.52439024390244
ursina 93 0 55.5
optuna 617 0 31.35593220338983
prefect 1945 0 6.4763779527559056
tobler 10 1 66.9090909090909
taichi 876 1 19.627450980392158
snowflake-connector-python 352 0 16.85185185185185
kornia 181 0 46.111111111111114
torchvision 1214 0 64.12820512820512
parsimonious 46 3 296.4166666666667
pyautogui 189 7 65.24489795918367
pyqtgraph 362 0 187.55
allennlp 758 14 6.59469696969697
riak 70 70 81.41379310344827
kubeflow 247 0 None
torchtext 253 0 82.03571428571429
rio-tiler 45 0 15.027027027027026
sentinelhub 70 0 39.81666666666667
pyspellchecker 25 0 73.89655172413794
trax 150 2 32.08695652173913
tensorboard 587 0 47.333333333333336
pyexcel 57 6 51.80392156862745
fastai 872 0 15.611940298507463
textwrap3 0 60 297.0
pylibdmtx 16 22 195.3
klein 48 0 166.33333333333334
featuretools 229 1 22.346534653465348
hypercorn 47 0 39.509803921568626
piccolo 103 0 7.125
pyphen 10 4 247.53333333333333
clearml 293 0 7.219178082191781
geoopt 13 2 115.9090909090909
janus 8 0 139.41176470588235
redshift-connector 90 1 26.0
textblob 88 10 53.839285714285715
rasterio 496 0 24.315068493150687
sentence-transformers 435 0 25.0
autopep8 131 3 61.95945945945946
chronyk 2 101 107.0
pyrosm 43 3 49.57692307692308
trio-asyncio 32 1 159.35714285714286
neomodel 146 0 76.82352941176471
mlflow 1447 0 23.5
imgaug 157 43 104.5
remi 93 7 85.34782608695652
voila 237 0 18.455445544554454
quilt 26 0 17.244897959183675
halo 29 38 37.7
asgiref 66 0 43.85245901639344
cerberus 140 3 151.3846153846154
aiogremlin 0 47 57.5
modin 1073 0 22.602272727272727
pytest-mock 59 1 55.86666666666667
rinohtype 71 1 186.92857142857142
cupy 710 0 18.094890510948904
fuzzywuzzy 19 28 119.73076923076923
mlpack 717 0 58.0
xlib 46 13 None
nxviz 25 11 66.48275862068965
tpot 323 1 46.733333333333334
nox 103 2 94.11111111111111
causalml 128 0 69.80952380952381
audioread 38 1 166.30769230769232
pyathena 98 0 19.258064516129032
zxing 7 0 213.3
emmett 85 0 30.80851063829787
green 55 0 24.075342465753426
monai 716 0 67.6842105263158
sikuli 9 100 None
trio 301 0 84.63333333333334
causalinference 3 49 176.7
httpcore 46 0 29.571428571428573
mljar-supervised 193 0 20.176470588235293
explainerdashboard 103 1 16.44943820224719
dalex 96 4 44.125
pylama 61 17 31.31304347826087
nornir 87 0 80.875
flask-redis 3 31 268.75
flask-sqlalchemy 197 0 142.23529411764707
flake8 592 0 55.11363636363637
symspellpy 21 9 71.76190476190476
pyhocon 31 11 40.7887323943662
detect-secrets 68 0 45.166666666666664
pyforms 26 56 163.14285714285714
yellowbrick 186 6 98.82608695652173
gtts 83 0 102.58823529411765
tensorflow-probability 508 0 41.14
stactools 22 1 35.54838709677419
holoviews 749 0 20.688741721854306
inequality 1 0 1823.0
plac 20 1 140.6
statsforecast 89 0 27.107142857142858
shap 914 0 25.90909090909091
vosk 497 1 32.0
codecov 56 9 None
fsspec 197 0 23.6
channels 561 0 40.784615384615385
moment 9 38 78.10810810810811
poetry 2439 0 12.292682926829269
firebirdsql 19 0 86.30357142857143
elasticsearch-async 15 42 102.71428571428571
sqlalchemy-utils 118 7 16.976525821596244
xhistogram 13 16 165.57142857142858
pytest-flask 32 1 114.27586206896552
imageio 203 1 46.875
schedule 72 1 151.04
pre-commit 797 0 18.010695187165776
pendulum 120 1 50.01851851851852
django-redis 86 0 64.4776119402985
peewee-migrate 24 5 25.258064516129032
landsatxplore 39 5 140.07692307692307
intake 88 3 69.17241379310344
qrcode 68 11 116.77142857142857
apscheduler 222 0 99.88461538461539
mgwr 32 0 204.2
missingno 28 11 100.64
couchbase 0 0 31.638461538461538
flasgger 125 8 53.867924528301884
nannyml 29 0 25.47826086956522
h5glance 1 9 217.625
colander 37 4 99.06382978723404
fiona 269 0 39.83177570093458
eel 206 10 46.7
dearpygui 227 0 30.344827586206897
responder 71 0 17.06382978723404
faker 123 0 14.078787878787878
tzlocal 34 1 89.68888888888888
readability-lxml 27 7 149.1818181818182
pikepdf 146 0 9.844036697247706
fire 82 0 235.77777777777777
panel 804 0 5.193181818181818
mplleaflet 18 70 51.25
pyzbar 36 27 243.75
s3fs 204 1 42.87692307692308
py2neo 0 3 None
rasa 2737 2 8.531073446327683
csvkit 281 1 119.71052631578948
PyInquirer 28 33 53.666666666666664
bertopic 583 0 33.64705882352941
flask 895 0 87.70175438596492
keras 5081 0 33.90909090909091
pyworld 27 6 147.13333333333333
catboost 982 0 21.398058252427184
aiojobs 14 0 194.0
pickle5 5 26 115.45454545454545
pyLDAvis 73 1 114.84
hdf5plugin 20 0 91.5
isort 302 0 25.006944444444443
pygeos 44 13 74.41176470588235
asyncmy 27 6 49.15
elasticsearch 451 0 27.029197080291972
landsat-util 63 66 44.86666666666667
github-actions 0 52 None
pywebview 290 0 52.11290322580645
koalas 149 4 19.41304347826087
great-expectations 780 0 8.196850393700787
fpdf 41 72 890.0
folium 207 0 132.31034482758622
sqlparse 65 3 129.06451612903226
splot 17 4 204.66666666666666
pytweening 1 8 532.8333333333334
pymemcache 38 4 64.98148148148148
cairosvg 85 1 69.27868852459017
keplergl 347 0 58.642857142857146
regex 154 1 14.495548961424332
pygmo 26 7 90.45833333333333
mysqlclient 174 0 97.19444444444444
daphne 148 0 42.910714285714285
sentinelsat 168 2 70.425
pythreejs 59 11 61.4
growler 4 46 56.44444444444444
duckdb 1930 0 36.170212765957444
soupsieve 21 4 38.84090909090909
impyla 143 0 76.66
intake-esm 69 0 71.08333333333333
bandit 203 0 89.25
pydeck 704 0 41.935483870967744
spint 4 36 178.0
mlxtend 141 0 69.57142857142857
sanic 494 0 34.31578947368421
horovod 1104 0 29.13888888888889
sqlmodel 158 0 63.53846153846154
langid 21 78 192.28571428571428
freezegun 65 0 65.57377049180327
gcsfs 140 0 40.172413793103445
flair 767 1 65.46666666666667
presto-python-client 24 4 180.6153846153846
wordcloud 236 1 167.21052631578948
pyperclip 62 27 60.27906976744186
spaghetti 25 0 43.19512195121951
osmpy 0 6 326.3333333333333
moto 1054 0 1.2793650793650793
lightgbm 1424 0 72.54545454545455
pyfasttext 29 61 44.36363636363637
python-pptx 186 2 83.17021276595744
scrapyd 100 4 366.9
holoviz 37 1 38.44444444444444
asteroid 66 0 26.019607843137255
intake-xarray 24 4 197.625
patsy 47 0 349.0833333333333
hypothesis 545 0 3.1032947462154943
igraph 192 0 117.82142857142857
orm 12 17 63.25
quart 89 1 40.43103448275862
pyexasol 37 2 24.84722222222222
pydrill 7 32 104.0
ipyleaflet 119 0 36.36363636363637
shogun 0 37 1.0
